500 3
12.260  9.417 -0.134
 8.012 10.117  1.038
10.477 10.790 -1.673
10.025 10.621  0.620
 9.519 10.592 -0.905
10.477  9.467  1.613
 9.496  9.036 -0.171
12.330  9.727 -0.243
10.121 10.153  0.573
10.255 10.351 -0.358
 9.473  9.137 -1.461
 8.215  8.463  0.827
 9.608 10.586 -2.156
10.679  9.633 -0.495
 9.204 10.138 -0.194
10.024  8.977  0.181
 7.797  8.902 -1.100
 8.979  9.986 -0.193
10.390 10.675  0.969
11.709 10.594  3.034
 9.518 10.366 -0.282
 9.729 10.779 -0.673
 7.978 11.025 -2.139
 9.500  8.082  0.996
 9.155 10.363  0.965
10.370 10.463  1.403
 9.630 10.952  0.714
10.168 10.898  0.681
 9.588 12.245  1.112
 9.945  9.347 -0.518
 9.057  8.880  0.584
10.145 10.413 -0.435
11.046 10.629 -1.661
11.430  9.375 -0.278
 9.889 11.000  0.691
10.721 10.805 -1.244
 9.161  9.632 -0.152
 8.770  9.812 -0.070
 8.651 10.212 -0.914
 8.779  9.937 -0.365
11.125  9.499  0.198
10.040 10.453 -1.468
11.442 10.225 -1.161
 8.908  9.589 -0.528
 9.528  9.008  1.529
10.395  9.644 -0.790
 8.920  8.066 -0.442
 8.356  8.364 -0.704
 9.640 10.428 -0.440
 8.819 11.700 -0.647
 9.091  9.370 -0.441
 9.329  8.492 -0.896
 8.358  9.538 -1.077
 9.620 10.732  0.676
11.188  8.110  0.642
10.930  9.756  1.030
 8.347 10.668  1.408
11.718 10.094  0.753
12.621 10.499 -1.039
 9.276  9.640  0.900
 8.847  9.896 -0.459
11.172  9.168  1.338
11.362  9.563 -0.893
10.019  9.559  0.802
10.255 10.040  0.975
10.767  9.963 -0.147
 9.023  9.708  2.240
10.094 10.393 -0.515
10.358  8.856 -1.015
 9.931 10.597  0.958
10.497 10.163  0.753
10.805 11.435 -1.945
 9.322 10.339  1.156
11.962 10.091 -0.947
 8.845  9.133 -0.366
10.792 12.308 -0.729
 8.731 10.100 -0.339
10.607 10.467  0.328
 8.608  9.244  1.419
 8.811 10.146  1.399
10.507 10.068 -1.507
10.118 11.185  0.889
 9.746  9.208  2.251
10.847  8.513 -0.917
 8.348  9.075 -0.403
 9.448 11.349 -0.049
 9.661 10.237  0.604
 8.602 11.332  2.833
11.417  9.956  0.929
10.536 11.981  0.016
 9.726  9.885 -0.555
 9.584 10.605  1.518
 8.865  9.808 -0.234
10.561  9.891  1.150
10.315  9.473 -0.125
10.925  7.716  0.355
 9.961  9.072 -2.641
12.240 10.271 -1.123
 8.791  9.677  0.177
 9.181 11.571 -1.149
-10.670 12.453 -1.322
-9.573  9.884 -1.055
-8.733 10.037 -0.649
-9.389  9.255 -1.030
-10.352  7.646 -2.164
-10.431  9.823 -0.099
-9.189  9.440 -1.140
-9.734 11.809 -0.060
-10.720 11.100 -1.453
-8.494 10.263  0.498
-8.664 10.152 -0.250
-9.834 10.400  0.735
-8.984 10.104 -0.712
-11.244 10.078 -0.692
-9.507  9.302 -1.023
-11.078  9.512  0.240
-7.574  7.867  0.050
-10.019  9.712  1.080
-7.822  9.606 -0.263
-11.090  8.519  0.472
-10.634 10.977 -0.142
-8.459 11.947 -0.287
-12.515  8.876 -0.962
-9.225  9.653 -0.192
-12.305  9.564  0.889
-9.241 10.566 -0.003
-9.092  9.235 -0.055
-8.665 10.333  0.597
-8.744 10.766  1.792
-9.625 10.389 -1.081
-10.689  8.851 -0.781
-9.896  8.328  0.866
-10.095 10.797  1.190
-9.940 10.940 -1.356
-8.358 11.763 -1.051
-10.612 10.780 -1.358
-11.812  9.397 -0.661
-9.681  9.802 -0.319
-8.846  9.906  0.901
-9.573 10.729 -0.294
-10.044 10.575 -0.549
-9.689  9.010  1.961
-8.716  9.093 -0.724
-10.247  9.973 -1.182
-9.143 10.014  0.351
-8.875  9.768 -2.391
-9.236  9.168 -1.341
-9.579 11.410 -0.158
-10.652  8.951 -0.069
-10.578  8.411 -1.445
-10.931 10.558 -2.017
-8.040 10.861 -0.510
-9.534 10.506  0.788
-9.176  9.928  0.740
-9.868  9.855  2.118
-11.712  9.975 -1.487
-11.268 10.090  1.197
-9.263 11.112  0.193
-10.052  9.367  0.999
-9.031  9.647  0.632
-9.161  9.475  1.934
-7.940  9.614  0.983
-8.817 10.126 -0.629
-10.090 10.144 -0.401
-10.155 10.550  0.306
-9.507 11.578  0.415
-10.889 10.014  0.731
-10.997  8.671 -0.442
-10.617  9.978 -0.134
-11.013 10.493  1.944
-9.223 10.576  1.812
-8.354  8.366  0.464
-11.498  9.626 -1.838
-8.959  9.135  1.296
-10.595  9.741 -0.925
-10.258  9.230 -0.770
-8.291 10.202  0.401
-8.883  9.725  0.760
-10.433  9.228  0.788
-9.673  8.649 -2.398
-12.129 10.330  0.220
-9.927  9.803  0.090
-10.004 10.206 -0.444
-10.961  9.288 -0.360
-10.853  9.052 -0.084
-11.326  9.529 -1.578
-9.454 10.847 -1.459
-8.778 10.215 -0.444
-10.401  9.954  0.510
-10.053 12.546  0.016
-11.176 12.547 -0.676
-8.616 10.622  0.304
-9.749 10.730 -0.487
-9.911 10.088  0.546
-9.329  9.194  0.096
-8.554 11.096 -0.141
-9.486 11.099 -0.037
-10.102 10.044  1.011
-10.871  9.393 -0.879
-8.344 11.427  1.164
 9.802 -9.452  2.211
12.717 -7.701 -0.505
 9.969 -10.616 -0.964
 9.431 -11.596 -1.340
 9.334 -9.552  1.183
 8.917 -10.278 -0.860
10.336 -10.466  1.133
 9.705 -9.555  0.004
 9.178 -9.418 -0.453
10.514 -9.199  1.375
 9.990 -10.403  0.343
 8.842 -11.132  0.395
 8.864 -11.495 -1.003
 9.943 -9.252 -0.678
11.992 -9.670  0.821
 9.797 -10.831 -0.622
 9.286 -9.425 -0.674
 9.760 -9.759  0.525
 9.599 -10.324 -0.026
 8.817 -11.177 -1.491
 7.795 -9.649 -0.168
10.470 -8.465 -0.937
10.413 -10.317  0.190
 9.544 -9.525  0.013
 8.798 -10.049 -1.410
11.582 -9.020  1.325
 9.298 -9.108 -0.719
 8.909 -10.969  1.003
 8.625 -11.251 -0.450
10.443 -10.111 -0.370
11.802 -8.239 -0.489
 8.828 -8.578 -0.412
10.658 -12.091  0.210
 9.387 -10.846 -0.017
11.297 -9.186  0.966
11.282 -9.192 -0.351
 9.620 -10.151  0.075
 9.977 -9.973  1.130
 9.820 -9.569  1.498
10.824 -9.656 -0.337
10.624 -9.642 -0.910
10.539 -9.874  0.320
10.229 -9.653  0.935
 9.423 -7.698 -0.921
 7.350 -10.008 -0.286
 9.576 -9.554  0.987
11.943 -10.585  1.554
 9.655 -10.227 -0.517
10.483 -10.115 -0.485
 8.616 -10.349  0.868
11.768 -9.827 -0.023
 9.790 -10.876  0.100
 9.056 -10.955 -1.605
11.710 -9.716  1.438
10.400 -9.806  0.631
 9.587 -11.446 -0.036
11.628 -9.749  0.009
10.073 -10.296  1.887
10.090 -8.881  0.121
10.887 -10.753  0.339
11.025 -10.066  0.186
11.450 -9.798  0.183
10.971 -10.176 -0.924
 9.053 -8.637 -0.254
 8.810 -10.469  1.355
10.859 -10.656  1.102
 8.736 -10.861  1.122
 7.540 -10.469 -0.477
10.943 -8.785  1.326
 8.365 -10.779  1.014
 9.022 -9.434  1.141
 9.368 -11.664  0.277
 9.250 -8.758  0.612
 9.968 -10.172  1.619
10.232 -11.042 -0.813
11.710 -10.528 -0.183
10.782 -10.610  1.445
10.182 -8.242 -0.812
 9.634 -11.342 -0.605
11.544 -10.360 -0.061
10.294 -9.720 -1.559
10.048 -11.519 -0.322
 9.702 -8.962  0.281
10.229 -7.909 -0.396
 8.451 -10.096  0.686
10.414 -9.896 -0.849
11.476 -10.723  0.073
 9.546 -8.403 -0.726
 9.714 -8.572  0.023
12.391 -9.319 -1.071
10.642 -9.986 -0.301
 9.593 -10.423  0.038
10.584 -9.185  1.503
10.447 -10.404 -0.646
10.100 -7.672  0.503
 9.180 -10.496 -0.577
 9.710 -10.598 -1.135
10.994 -8.467  0.856
10.712 -8.801 -1.267
 9.593 -12.324  0.129
-9.430 -10.338  1.522
-11.370 -10.695  0.662
-9.738 -10.181  0.046
-10.372 -10.365 -0.515
-8.663 -9.891 -0.435
-10.693 -9.633 -0.211
-10.600 -9.739  2.929
-10.780 -10.664 -0.810
-10.536 -11.766 -1.963
-10.661 -9.244  0.278
-10.145 -10.318  0.357
-10.543 -10.140 -1.404
-7.867 -10.529  0.085
-9.257 -10.744  0.672
-10.817 -10.022  0.454
-10.702 -12.385  1.283
-9.670 -10.437 -0.809
-9.995 -10.522  1.730
-10.332 -10.473  1.282
-8.706 -11.126 -0.788
-9.573 -10.656  0.400
-8.050 -9.843  0.675
-9.252 -8.989  0.638
-11.291 -9.156 -1.895
-8.116 -8.954  1.900
-10.452 -10.819  1.269
-11.339 -9.968  0.850
-9.055 -10.308 -0.373
-7.793 -9.560 -0.650
-9.663 -9.020  1.039
-10.209 -10.839 -0.028
-9.966 -10.701 -0.531
-9.757 -10.101 -2.085
-9.110 -8.492 -0.208
-8.484 -10.254 -1.556
-10.740 -9.782 -1.370
-10.034 -8.694  0.723
-10.875 -9.019  0.527
-12.104 -9.055  0.787
-9.523 -9.453  2.231
-10.344 -9.745  1.133
-11.833 -9.633 -1.290
-11.531 -9.970  1.539
-10.627 -9.415 -0.728
-8.431 -11.627 -0.177
-9.056 -8.407 -0.172
-9.984 -10.127 -0.025
-9.680 -10.246 -0.563
-9.528 -10.171 -0.025
-11.058 -9.583  2.270
-9.880 -9.577  0.858
-10.230 -9.084  0.245
-10.466 -10.743 -0.422
-9.282 -10.113  0.752
-8.985 -9.387 -0.306
-9.195 -9.159 -1.086
-9.125 -11.890  0.613
-10.316 -9.935 -0.739
-11.173 -10.717 -0.126
-10.128 -11.039  0.926
-10.389 -9.350 -0.781
-11.102 -9.562 -1.734
-9.014 -10.428 -1.898
-10.325 -8.029  0.534
-11.147 -10.410  0.810
-11.122 -9.571 -0.801
-10.748 -10.193 -0.551
-9.926 -7.833 -1.331
-8.886 -10.426 -0.735
-11.749 -11.399  0.017
-11.743 -8.448  1.028
-9.724 -12.175  0.395
-9.694 -9.928  0.869
-10.842 -9.714 -0.504
-9.503 -11.037 -1.188
-10.785 -9.013 -0.321
-10.136 -10.181  0.416
-9.900 -9.448 -0.440
-9.787 -11.601  0.448
-10.469 -8.009  1.705
-8.142 -9.547  2.272
-10.528 -10.776 -0.232
-9.623 -9.679  0.461
-12.233 -10.489  0.521
-11.075 -10.825 -0.897
-10.144 -8.455  1.510
-10.342 -9.052 -2.240
-8.828 -9.554 -1.305
-7.390 -10.786 -0.221
-10.325 -8.081 -1.321
-9.118 -9.250 -1.554
-7.474 -9.534  0.904
-10.235 -8.725  1.023
-10.716 -8.024  0.903
-10.936 -10.207  1.595
-9.516 -9.582  1.302
-9.645 -9.616 -1.003
-10.656 -9.222  0.385
-10.334 -12.175  0.101
-9.822 -9.322  0.593
-0.990  0.545 11.916
 1.183  0.140 12.155
-2.761  0.363 12.987
-1.587  0.869 13.229
 0.555  0.277 12.037
-0.247 -0.855 13.436
 0.885 -0.142 12.221
 0.060  0.185 12.659
-0.274  0.209 13.448
 0.987 -1.286 12.058
-1.623  0.886 11.357
-1.256  0.875 12.677
-1.281 -0.490 13.724
-0.918 -0.286 10.328
-1.540 -0.846 12.807
-0.495  0.269 12.467
 1.870 -0.631 11.781
-0.729 -0.705 12.671
 1.641  0.093 12.615
 0.498  0.034 12.893
 0.278  1.411 12.019
-1.523 -0.402 12.599
-0.942  0.635 11.109
 1.547  1.511 12.237
-0.179 -0.403 13.089
 0.779 -1.064 12.847
 0.872  1.061 13.962
-1.612 -1.171 13.261
-1.047  1.409 12.373
 0.679  0.821 11.951
 0.721  0.579 12.919
-1.075 -0.815 13.281
 0.650  0.036 14.167
-1.110  0.034 11.648
 0.582 -0.692 12.716
 0.402  1.631 12.059
 0.065 -0.882 11.698
-1.628  0.664 11.630
 0.485  1.245 11.196
 0.954 -0.211 13.088
 0.094 -2.227 12.203
-0.616  0.600 13.504
 1.484 -0.113 12.416
-0.898  0.841 13.952
-0.319 -0.355 12.481
 1.118 -1.062 12.406
 0.487 -0.960 13.122
 0.200  0.080 11.757
 1.126  1.178 13.278
 3.482 -1.279 11.776
 0.545 -1.781 13.542
-0.045 -1.083 12.108
 0.084  0.458 12.390
 1.126  0.480 13.893
-1.384 -0.332 13.747
 0.859 -1.115 12.144
 0.073 -2.147 13.980
 0.745 -0.559 11.834
 2.386  0.013 12.416
-0.117  0.860 14.217
-0.713  0.541 14.442
-2.041  0.305 12.306
 0.786  0.315 11.773
-1.045 -0.022 12.080
 0.917 -1.956 12.955
 0.030  0.400 13.789
-1.318 -0.851 13.436
 0.422 -0.137 14.114
-0.810 -1.832 14.095
 0.395 -0.011 13.632
 1.189  0.500 13.225
 0.705  1.127 11.896
 0.247  1.438 11.276
-0.190  0.261 13.334
 0.166  0.410 12.132
-1.000  0.258 12.427
 0.792  2.391 13.631
-0.566 -1.761 13.727
 0.381  1.053 12.879
-0.303 -0.832 11.989
-1.237 -1.013 13.138
 1.388 -1.228 14.689
-0.855  0.523 13.591
 0.786  0.718 11.959
 0.414 -0.084 10.890
-0.349 -0.416 12.239
 1.072  0.026 11.764
 1.083  0.660 14.219
-2.490  1.422 12.634
-0.616  0.055 11.395
-0.452  1.004 11.660
-1.750  1.057 12.051
-0.868  1.496 12.786
-0.310 -0.694 12.094
 0.931  0.056 12.636
-1.267  0.407 12.372
-0.094  1.742 12.307
 0.701  1.113 12.493
 2.156  1.264 12.018
 0.779 -0.278 12.674
